0.0,1.5000000000000001e-4,0.0,1.0,0.0,0.0,0.0,0.0,0.0,0.0
1.0,7.500973645311671e-5,3.631369318697064e-3,0.9962145099401025,7.275737673311996e-5,6.373100919986879e-6,7.326312316834581e-5,1.4652624633669165e-6,2.6177302218299215e-7,1.0489298764744702e-10
2.0,7.501380398405377e-5,7.271856532368311e-3,0.9924810017197819,1.4596069808958434e-4,2.619485374386597e-5,7.299647703790754e-5,1.4599295407581506e-6,5.295768514038222e-7,2.1258587679606067e-10
3.0,7.502154441116488e-5,1.088557951463494e-2,0.9887611731218424,2.188904450727026e-4,5.9378462860426934e-5,7.272813265665179e-5,1.4545626531330358e-6,7.954403912974175e-7,3.198877529141148e-10
4.0,7.502609495026575e-5,1.4472701383466385e-2,0.985054948550826,2.915479860209366e-4,1.058281746362422e-4,7.246473894740593e-5,1.4492947789481184e-6,1.0594444949501952e-6,4.268284300832358e-10
5.0,7.503607227192686e-5,1.8033391210930932e-2,0.9813622608833904,3.63934822990884e-4,1.654491549590761e-4,7.219794477220277e-5,1.4439588954440553e-6,1.3214906948554523e-6,5.333655709532887e-10
6.0,7.504165458213089e-5,2.156780772594828e-2,0.9776830344024194,4.3605227008341725e-4,2.3814725613040955e-4,7.193720940398208e-5,1.4387441880796417e-6,1.5817522593919823e-6,6.395664155525139e-10
7.0,7.505225969524606e-5,2.5076117466088715e-2,0.9740172036776132,5.079018101571758e-4,3.238293058353866e-4,7.167346288290855e-5,1.4334692576581712e-6,1.8400628030736235e-6,7.453611137150651e-10
8.0,7.505960512276796e-5,2.8558477016881575e-2,0.9703646950935186,5.794847464537174e-4,4.224027482679034e-4,7.14146273894367e-5,1.4282925477887337e-6,2.0966241112809963e-6,8.508287256799563e-10
9.0,7.507093528971381e-5,3.2015049024396676e-2,0.966725443393935,6.508025152557839e-4,5.337760017013086e-4,7.115377207401417e-5,1.4230754414802833e-6,2.3512612990328168e-6,9.558957590259497e-10
10.0,7.507847975971784e-5,3.544598750863165e-2,0.9630993765198709,7.218563999003421e-4,6.578580513558397e-4,7.089826904704809e-5,1.4179653809409621e-6,2.6042251507271286e-6,1.0606615661518033e-9
11.0,7.509045125898018e-5,3.8851452812961235e-2,0.9594864309184449,7.926478203030071e-4,7.945588995487665e-4,7.064031815553172e-5,1.4128063631106343e-6,2.8552592031198627e-6,1.1650192578431722e-9
12.0,7.510002122911721e-5,4.223159667487436e-2,0.9558865362512909,8.631780443256554e-4,9.437890507368324e-4,7.038635993802212e-5,1.4077271987604425e-6,3.104622562174805e-6,1.2690719256770203e-9
13.0,7.511252297923774e-5,4.558657534848501e-2,0.9522996287508818,9.334484404352204e-4,1.1054599831758953e-3,7.013135834478468e-5,1.4026271668956935e-6,3.3521187722220365e-6,1.3727368600975184e-9
14.0,7.51212131657669e-5,4.891653794258495e-2,0.948725639357672,1.0034602538148262e-3,1.27948365909282e-3,6.98816155995558e-5,1.3976323119911164e-6,3.598062782119214e-6,1.476140567229834e-9
15.0,7.5136776821382e-5,5.2221640667018177e-2,0.945164508064541,1.0732148780068934e-3,1.4657731672541832e-3,6.9627140664323e-5,1.3925428132864604e-6,3.841960623001028e-6,1.579078007783607e-9
16.0,7.514782664320074e-5,5.550202778703342e-2,0.94161616475697,1.142713492508115e-3,1.6642417901307667e-3,6.937853417265817e-5,1.3875706834531634e-6,4.0843867181096574e-6,1.6817825785561172e-9
17.0,7.516359610554943e-5,5.875785224889485e-2,0.9380805498586556,1.2119574540131867e-3,1.8748040345411177e-3,6.912720765157008e-5,1.382544153031402e-6,4.3248680325532175e-6,1.7840572961962506e-9
18.0,7.517398704556236e-5,6.198925640377309e-2,0.9345575950664448,1.280947931739602e-3,2.097374585087315e-3,6.888248262761387e-5,1.3776496525522774e-6,4.56399453122082e-6,1.886143051042301e-9
19.0,7.519041147048974e-5,6.519639175411944e-2,0.9310472429437244,1.3496862790827462e-3,2.3318694345428733e-3,6.863382307756234e-5,1.372676461551247e-6,4.801101227477938e-6,1.987762919128512e-9
20.0,7.520219477441126e-5,6.837939790090607e-2,0.9275494260584638,1.4181736383006719e-3,2.578204597102784e-3,6.839102687508379e-5,1.3678205375016757e-6,5.036868616961405e-6,2.0891960422697575e-9
21.0,7.521728969476212e-5,7.153842223757617e-2,0.9240640864006119,1.4864113090650186e-3,2.836297342440642e-3,6.814678823717083e-5,1.3629357647434165e-6,5.27079607051973e-6,2.1902328042738605e-9
22.0,7.522746265665857e-5,7.467360313565179e-2,0.9205911588256952,1.5544004346221528e-3,3.106065066686348e-3,6.790859761222868e-5,1.3581719522445739e-6,5.503476661493296e-6,2.2911173752322713e-9
23.0,7.524806321520005e-5,7.778508919466992e-2,0.9171305898439296,1.6221423587648815e-3,3.3874266658495905e-3,6.766250205397805e-5,1.3532500410795611e-6,5.733793307278726e-6,2.391382464001756e-9
24.0,7.526250352996688e-5,8.08730123912489e-2,0.9136823114609457,1.6896381291597038e-3,3.6803005221748676e-3,6.742354225550246e-5,1.3484708451100492e-6,5.962991824755091e-6,2.4915446659718465e-9
25.0,7.528126593280807e-5,8.39375166529606e-2,0.9102462689240504,1.7568890248297884e-3,3.9846066640914155e-3,6.718222289500862e-5,1.3436444579001724e-6,6.190275444942415e-6,2.5912693411670346e-9
26.0,7.529583794711906e-5,8.69787355727721e-2,0.9068223991084975,1.8238961455731032e-3,4.300265011103952e-3,6.694619417125905e-5,1.338923883425181e-6,6.4163531473263996e-6,2.690850870770974e-9
27.0,7.531409384218422e-5,8.999680955694789e-2,0.9034106470344444,1.8906607263260418e-3,4.627196776123347e-3,6.670837097906462e-5,1.3341674195812922e-6,6.640577743154217e-6,2.7900160160598504e-9
28.0,7.532910144963177e-5,9.299187072786493e-2,0.9000109513479002,1.9571838611345226e-3,4.965323164549599e-3,6.647494092662378e-5,1.329498818532476e-6,6.863569782060039e-6,2.889023152252847e-9
29.0,7.534936621990377e-5,9.596405759475309e-2,0.8966232583274435,2.0234667700780645e-3,5.314566673944797e-3,6.623831438191484e-5,1.3247662876382967e-6,7.084565561717463e-6,2.9875488259391144e-9
30.0,7.536609109289584e-5,9.89134991921378e-2,0.8932475067684332,2.089510511488243e-3,5.674849619033172e-3,6.600630124419115e-5,1.320126024883823e-6,7.3043956972588955e-6,3.0859407705766496e-9
31.0,7.538791192353999e-5,0.10184033194234705,0.8898836439577842,2.155316286745196e-3,6.046095725046605e-3,6.577124442497123e-5,1.3154248884994248e-6,7.522234914568861e-6,3.183848420702064e-9
32.0,7.540423607186077e-5,0.1047446818786258,0.8865316088670261,2.220885119884309e-3,6.428228370535042e-3,6.554247894009989e-5,1.3108495788019975e-6,7.739153686731635e-6,3.281722505927379e-9
33.0,7.542520628955451e-5,0.1076266840562628,0.8831913503988605,2.286218206084244e-3,6.8211725450815245e-3,6.531106158241665e-5,1.3062212316483331e-6,7.954131767481692e-6,3.3791288990159617e-9
34.0,7.544249513094297e-5,0.11048646352986635,0.8798628095233735,2.3513165707775056e-3,7.224852871113271e-3,6.508428603896693e-5,1.3016857207793388e-6,8.168056667076063e-6,3.4764422348654874e-9
35.0,7.54647525801386e-5,0.11332415258154005,0.8765459353607487,2.416181377132595e-3,7.639195433158549e-3,6.485458154544238e-5,1.2970916309088477e-6,8.38000097747101e-6,3.5732660392602645e-9
36.0,7.547701702778574e-5,0.11613987100981571,0.8732406668515518,2.480813575750734e-3,8.06412557990961e-3,6.463495055105611e-5,1.2926990110211223e-6,8.591663087496225e-6,3.670322640934332e-9
37.0,7.550608262956788e-5,0.11893375792202783,0.8699469621279587,2.545214467035661e-3,8.499571565607437e-3,6.440213490928014e-5,1.288042698185603e-6,8.799973463874097e-6,3.7662990925210744e-9
38.0,7.552584489882269e-5,0.12170592571674128,0.8666647560598764,2.6093848885232166e-3,8.945459179757916e-3,6.41787533132325e-5,1.28357506626465e-6,9.007964232654095e-6,3.862489026304566e-9
39.0,7.55506127112445e-5,0.1244565054771953,0.8633940020423828,2.6733260153778446e-3,9.40171707775542e-3,6.395242554527289e-5,1.2790485109054576e-6,9.21395506128463e-6,3.958171292777836e-9
40.0,7.556962455391162e-5,0.127185615126502,0.8601346427380815,2.7370387999898715e-3,9.868272959980736e-3,6.373239288490379e-5,1.2746478576980757e-6,9.419280786418988e-6,4.053917067720168e-9
41.0,7.559430884310012e-5,0.1298933824437147,0.856886631077494,2.8005243749840304e-3,1.034505641265077e-2,6.350884183417948e-5,1.2701768366835894e-6,9.622523371260373e-6,4.1491147765913245e-9
42.0,7.561213058774958e-5,0.1325799225981233,0.853649909830276,2.8637836612185673e-3,1.0831996040970297e-2,6.329246933575548e-5,1.26584938671511e-6,9.825306227599602e-6,4.244462180325729e-9
43.0,7.564046037842375e-5,0.13524536440227922,0.8504244353424607,2.9268178239931207e-3,1.1329022891645803e-2,6.306847634310237e-5,1.2613695268620473e-6,1.0025354776421631e-5,4.338975190375143e-9
44.0,7.56616264353776e-5,0.13788981867661704,0.8472101489965377,2.989627724675685e-3,1.1836066228605604e-2,6.285187368511736e-5,1.2570374737023469e-6,1.0225028733945022e-5,4.43367185775882e-9
45.0,7.568812655315349e-5,0.1405134100416006,0.8440070057966601,3.052214470556265e-3,1.235305781773683e-2,6.263205958746497e-5,1.2526411917492996e-6,1.0422644846139247e-5,4.527821493015794e-9
46.0,7.570947933754436e-5,0.14311625101811645,0.8408149511310293,3.114578967924302e-3,1.2879928362267978e-2,6.241786909078337e-5,1.2483573818156674e-6,1.0619672129928182e-5,4.622059928469775e-9
47.0,7.573798954971263e-5,0.14569846435766784,0.8376339406814192,3.1767223056658267e-3,1.341661064479747e-2,6.219894487757362e-5,1.2439788975514727e-6,1.0814371046504675e-5,4.715628657750313e-9
48.0,7.576055797315244e-5,0.14826015954095834,0.8344639195323665,3.2386453527968894e-3,1.396303613185162e-2,6.198626662695469e-5,1.239725332539094e-6,1.1008640714227977e-5,4.809353125942783e-9
49.0,7.579131115500619e-5,0.1508014584751771,0.8313048449016456,3.3003491970765263e-3,1.4519138737255828e-2,6.176801942502834e-5,1.2353603885005672e-6,1.12004067056871e-5,4.902325777919107e-9
50.0,7.581170244626614e-5,0.15332246625657306,0.828156660362715,3.3618346475311725e-3,1.5084850435627165e-2,6.155964219218667e-5,1.2311928438437335e-6,1.1392466748926296e-5,4.995768777268001e-9
51.0,7.584068442608173e-5,0.15582330545568224,0.8250193259351453,3.423102815970906e-3,1.566010647762805e-2,6.134536788892114e-5,1.2269073577784226e-6,1.1581951903355047e-5,5.088423863733503e-9
52.0,7.586102018325788e-5,0.15830408012388839,0.821892786562847,3.484154507785321e-3,1.624483982566306e-2,6.11394634428711e-5,1.2227892688574216e-6,1.1771545637688526e-5,5.18146732515273e-9
53.0,7.589456103929509e-5,0.16076491259567213,0.8187770041813988,3.5449908425623762e-3,1.683898694140678e-2,6.092388973372764e-5,1.2184777946745527e-6,1.1957798052820851e-5,5.273379481925806e-9
54.0,7.591950666597558e-5,0.16320590304428054,0.8156719225889039,3.605612574016628e-3,1.7442481299465785e-2,6.0716600613040286e-5,1.2143320122608057e-6,1.2144195015056769e-5,5.3656936666815254e-9
55.0,7.595111755696363e-5,0.16562716896151683,0.8125775016290692,3.666020752401948e-3,1.8055259774569513e-2,6.0505052587543055e-5,1.210101051750861e-6,1.2328271483237728e-5,5.457320504921687e-9
56.0,7.597447270516645e-5,0.16802881227483468,0.8094936887968113,3.726216174188344e-3,1.8677257226871434e-2,6.0301437496512966e-5,1.2060287499302594e-6,1.2512511690953011e-5,5.5493574375118e-9
57.0,7.600682256483556e-5,0.17041094986975558,0.8064204454402055,3.7861998907395256e-3,1.930841162186474e-2,6.0091675483128156e-5,1.201833509662563e-6,1.2694027919184435e-5,5.6405231894194675e-9
58.0,7.603137924216858e-5,0.17277368118590547,0.8033577190245459,3.8459726697139735e-3,1.994865849907734e-2,5.988941294322525e-5,1.197788258864505e-6,1.2875687466870526e-5,5.7320888712899314e-9
59.0,7.606444306664164e-5,0.17511712109728897,0.8003054711584535,3.905535540020691e-3,2.0597936647303836e-2,5.9681425967562885e-5,1.1936285193512577e-6,1.3054679643799692e-5,5.822802644672455e-9
60.0,7.609035706777346e-5,0.17744136805852032,0.7972636505205501,3.96488926526407e-3,2.125618251273335e-2,5.948036484279408e-5,1.1896072968558815e-6,1.3233756903324837e-5,5.913889251907276e-9
61.0,7.612282185882632e-5,0.17974653415692057,0.7942322182913458,4.024034839049386e-3,2.1923335534543655e-2,5.9275175962802716e-5,1.1855035192560541e-6,1.3410494394419559e-5,6.004264695504627e-9
62.0,7.614563490932925e-5,0.18203271607341984,0.7912111236600599,4.082973007797261e-3,2.259933289363304e-2,5.9078855692944276e-5,1.1815771138588854e-6,1.3587837038329649e-5,6.095245538107903e-9
63.0,7.618646994768353e-5,0.18430003127171915,0.7882003341599546,4.1417048628223e-3,2.3284116175452174e-2,5.8869256666671974e-5,1.1773851333334395e-6,1.3760703701181251e-5,6.1845511299445235e-9
64.0,7.620914903821032e-5,0.1865485651592364,0.7851997915154975,4.200230978147212e-3,2.3977621496157696e-2,5.867526089230632e-5,1.1735052178461262e-6,1.3935809656290168e-5,6.275195347145567e-9
65.0,7.624526057322169e-5,0.18877843567729008,0.7822094654650904,4.258552462463827e-3,2.4679791655729345e-2,5.8471689741722765e-5,1.169433794834455e-6,1.4107251368226888e-5,6.364521994298653e-9
66.0,7.627162047038528e-5,0.1909897331659853,0.7792293037581507,4.31666998145737e-3,2.53905647148773e-2,5.827695136681965e-5,1.1655390273363931e-6,1.4279434620854537e-5,6.454514604275755e-9
67.0,7.630993510333346e-5,0.19318256930417216,0.7762592726763503,4.3745845510942665e-3,2.6109883403486776e-2,5.807386333198384e-5,1.1614772666396767e-6,1.4448181013809547e-5,6.543284233655657e-9
68.0,7.633824203816849e-5,0.19535703362182208,0.7732993211672707,4.432296834987804e-3,2.6837686617957927e-2,5.787975433619824e-5,1.1575950867239647e-6,1.4617775771035841e-5,6.632767873710833e-9
69.0,7.63725235580506e-5,0.1975132335999639,0.7703494137962772,4.489807790654742e-3,2.7573917336662753e-2,5.7682025764289114e-5,1.153640515285782e-6,1.4785088616258276e-5,6.721546116523695e-9
70.0,7.640253629079731e-5,0.19965126315041012,0.7674095048927375,4.547118162429281e-3,2.8318516330714572e-2,5.748870991459842e-5,1.1497741982919684e-6,1.4952169048292475e-5,6.810548020123721e-9
71.0,7.64387715691981e-5,0.2017712257003159,0.7644795573918666,4.604228851576789e-3,2.9071426827810994e-2,5.729159820767992e-5,1.1458319641535982e-6,1.5116899450927198e-5,6.898808041441865e-9
72.0,7.646803831010239e-5,0.2038732123628123,0.7615595250942004,4.661140567599233e-3,2.9832590013699253e-2,5.710096619295181e-5,1.142019323859036e-6,1.528198861301179e-5,6.987560075183192e-9
73.0,7.650708850288954e-5,0.20595732832012673,0.7586493739938006,4.717854248250783e-3,3.060195052632558e-2,5.690378835405839e-5,1.1380757670811678e-6,1.5443972156551516e-5,7.075219419652266e-9
74.0,7.653723126446105e-5,0.20802366065832728,0.7557490563476461,4.774370548650767e-3,3.137944967664093e-2,5.671454975451476e-5,1.1342909950902951e-6,1.5606764409864917e-5,7.16357606926008e-9
75.0,7.65749993362423e-5,0.2100723131544818,0.752858538619208,4.830690392541771e-3,3.2165032833105275e-2,5.6520456626615345e-5,1.1304091325323067e-6,1.576688387209058e-5,7.251032519700799e-9
76.0,7.660619523606018e-5,0.21210337381460947,0.7499777754658181,4.8868144589404e-3,3.295864245586863e-2,5.6332446969436535e-5,1.1266489393887304e-6,1.5927369871490794e-5,7.3389836239295776e-9
77.0,7.664456770344332e-5,0.21411694377485344,0.7471067327940107,4.942743637808788e-3,3.376022436103113e-2,5.613994747096603e-5,1.1227989494193205e-6,1.608525981208485e-5,7.4260640866901606e-9
78.0,7.667580540312063e-5,0.2161131097201792,0.7442453658300598,4.998478596399362e-3,3.456972165876526e-2,5.595391672801612e-5,1.1190783345603222e-6,1.6243685817031932e-5,7.513717271256942e-9
79.0,7.671541995106854e-5,0.21809197241305867,0.7413936416963933,5.054020226441625e-3,3.538708108405779e-2,5.576249778764926e-5,1.1152499557529852e-6,1.6399231942597327e-5,7.600362932225319e-9
80.0,7.674848641712438e-5,0.22005361699790826,0.7385515159774989,5.109369179741877e-3,3.621224633126806e-2,5.5577059543347954e-5,1.1115411908669592e-6,1.6555225308862486e-5,7.687539798477599e-9
81.0,7.678778192187688e-5,0.22199814167037132,0.7357189552591077,5.164526315447569e-3,3.704516453699478e-2,5.5387885658098926e-5,1.1077577131619784e-6,1.670880078934127e-5,7.773917521223968e-9
82.0,7.682133032843082e-5,0.2239256318185965,0.7328959168515812,5.219492297562306e-3,3.7885780362587884e-2,5.5204041672445864e-5,1.1040808334489175e-6,1.6862686402915537e-5,7.860762759039772e-9
83.0,7.68611341771405e-5,0.2258361840634354,0.730082367553934,5.274267967990222e-3,3.873404154881715e-2,5.501645482556577e-5,1.1003290965113154e-6,1.701413510601826e-5,7.946794764262761e-9
84.0,7.689649263817024e-5,0.2277298832354481,0.7272782657319667,5.328853990092457e-3,3.958989353513043e-2,5.48331826839272e-5,1.096663653678544e-6,1.716562785478458e-5,8.033169439536882e-9
85.0,7.693428601940713e-5,0.22960682225865842,0.7244835767398822,5.383251155859016e-3,4.045328413161927e-2,5.464904330064966e-5,1.092980866012993e-6,1.7315570672949183e-5,8.119140981142547e-9
86.0,7.697257059582267e-5,0.23146708912656808,0.7216982628234332,5.437460184893635e-3,4.132416043570037e-2,5.446549376571986e-5,1.0893098753143973e-6,1.7464420841673834e-5,8.2049214692727e-9
87.0,7.700608418308623e-5,0.2333107696210462,0.7189222852482183,5.491481766725106e-3,4.220246944819262e-2,5.4286442335580255e-5,1.0857288467116052e-6,1.7613453524968952e-5,8.291109652964796e-9
88.0,7.70522040356979e-5,0.23513796014816413,0.7161556140634822,5.545316756486037e-3,4.308816123590242e-2,5.409896572066659e-5,1.0819793144133319e-6,1.775847519958333e-5,8.375729638918669e-9
89.0,7.708703180114396e-5,0.2369487361537685,0.7133982040415473,5.59896569312722e-3,4.398118114335687e-2,5.392080636687659e-5,1.0784161273375317e-6,1.790528419266217e-5,8.461511979805902e-9
90.0,7.712780084837516e-5,0.2387431928629878,0.7106500256657807,5.652429420355282e-3,4.488147985172339e-2,5.373917905328144e-5,1.0747835810656289e-6,1.8049690038354875e-5,8.546478922937922e-9
91.0,7.716802558092245e-5,0.24052141322845738,0.7079110407664403,5.705708598449064e-3,4.578900543223287e-2,5.355888192931978e-5,1.0711776385863958e-6,1.819328347119891e-5,8.631379972441032e-9
92.0,7.720674595442013e-5,0.2422834823899733,0.70518121350129,5.7588039243901415e-3,4.670370693029951e-2,5.338060803056752e-5,1.0676121606113505e-6,1.833631751976739e-5,8.716334633540112e-9
93.0,7.724741271842445e-5,0.24402948713561162,0.7024605099049911,5.811716123202668e-3,4.762553424891188e-2,5.320181760911312e-5,1.0640363521822623e-6,1.8477932386968702e-5,8.800933311381429e-9
94.0,7.728772786520696e-5,0.24575951087874925,0.6997488941213057,5.864445872176643e-3,4.855443685563263e-2,5.302419080936167e-5,1.0604838161872335e-6,1.8618712057026488e-5,8.885452217499337e-9
95.0,7.732877002676447e-5,0.24747363817688214,0.6970463317842761,5.916993868985625e-3,4.9490364939882125e-2,5.284693395159837e-5,1.0569386790319675e-6,1.8758387580718786e-5,8.969761886212815e-9
96.0,7.736978811468058e-5,0.24917195216202542,0.6943527880907442,5.969360792983624e-3,5.043326874236052e-2,5.267058887176224e-5,1.053411777435245e-6,1.8897157280408602e-5,9.05395571311399e-9
97.0,7.741025856092348e-5,0.2508545355642296,0.6916682285586481,6.021547320581132e-3,5.1383098815101204e-2,5.249552686695699e-5,1.0499105373391396e-6,1.9035165932647478e-5,9.13810213278127e-9
98.0,7.745473632225456e-5,0.2525214731198903,0.6889926207856365,6.073554160979903e-3,5.233980666981456e-2,5.231845311064019e-5,1.046369062212804e-6,1.91712198785901e-5,9.221626302189678e-9
99.0,7.749292973931801e-5,0.25417284170277604,0.6863259272039844,6.125381909413758e-3,5.330334211356405e-2,5.214678526107692e-5,1.0429357052215383e-6,1.9308043457178816e-5,9.305837204548079e-9
100.0,7.753535559672772e-5,0.25580872800090604,0.6836681180295991,6.177031309809614e-3,5.4273658015280835e-2,5.197293723993156e-5,1.0394587447986312e-6,1.94428590214092e-5,9.38939713282034e-9
101.0,7.757738248185595e-5,0.257429210699477,0.6810191582070495,6.228502990102305e-3,5.525070548585223e-2,5.1800239478186195e-5,1.036004789563724e-6,1.957690035155477e-5,9.47289883924205e-9
102.0,7.76204106373664e-5,0.2590343709840065,0.6783790150880834,6.27979761810564e-3,5.6234436720441025e-2,5.162768420696837e-5,1.0325536841393674e-6,1.9709795310361015e-5,9.556161164692973e-9
103.0,7.766358809706365e-5,0.2606242884385305,0.6757476554344379,6.330915840733093e-3,5.7224803874394894e-2,5.145587654789529e-5,1.0291175309579058e-6,1.984177852779655e-5,9.639296286480355e-9
104.0,7.770662789509382e-5,0.26219904244645703,0.6731250464324326,6.381858304689145e-3,5.822175944431537e-2,5.1285014274721577e-5,1.0257002854944316e-6,1.9972935200153583e-5,9.722344536493056e-9
105.0,7.775050170371636e-5,0.26375871254133243,0.6705111559328576,6.432625661517408e-3,5.9225256365995384e-2,5.111440267140361e-5,1.0222880534280724e-6,2.010300239468268e-5,9.805176769241296e-9
106.0,7.779397102213927e-5,0.26530337668883874,0.6679059512152139,6.483218542417074e-3,6.0235247524551463e-2,5.0944913752291394e-5,1.018898275045828e-6,2.0232328988705563e-5,9.887961817928409e-9
107.0,7.783825536324389e-5,0.2668331136089582,0.6653094006438868,6.533637592190678e-3,6.1251686410326744e-2,5.0775680753123266e-5,1.0155136150624653e-6,2.0360579733721154e-5,9.970534849176525e-9
108.0,7.788329316451481e-5,0.26834800092442923,0.6627214723380834,6.583883442134681e-3,6.227452658851643e-2,5.060674515783972e-5,1.0121349031567944e-6,2.048777387083689e-5,1.0052903651669584e-8
109.0,7.792758282910642e-5,0.2698481150850921,0.6601421341218988,6.633956709025375e-3,6.330372166681189e-2,5.043915565326337e-5,1.0087831130652675e-6,2.0614343125677132e-5,1.013527888764911e-8
110.0,7.797271406300357e-5,0.2713335336249547,0.6575713551112621,6.683858027830734e-3,6.433922595001469e-2,5.027179232745667e-5,1.0054358465491333e-6,2.0739840323074416e-5,1.021743991607225e-8
111.0,7.801841844229814e-5,0.27280433270656834,0.6550091039731787,6.733588016026899e-3,6.538099372266791e-2,5.010484054920212e-5,1.0020968109840424e-6,2.086434477329589e-5,1.0299424219656028e-8
112.0,7.806274148292565e-5,0.27426058721073565,0.6524553489936792,6.783147275012387e-3,6.642897926205497e-2,4.9939654030513725e-5,9.987930806102745e-7,2.0988429891960774e-5,1.0381513989348048e-8
113.0,7.811027711732603e-5,0.27570237483392623,0.6499100609316422,6.8325364490551535e-3,6.748313806249326e-2,4.977303874195809e-5,9.95460774839162e-7,2.1110760318238164e-5,1.0463047638347772e-8
114.0,7.815276828910586e-5,0.2771297664478406,0.6473732062970506,6.881756086628831e-3,6.854342393676856e-2,4.961070731196666e-5,9.922141462393335e-7,2.1233765024953514e-5,1.0545227734398193e-8
115.0,7.820332742600718e-5,0.27854284311980276,0.644844759171049,6.9308068847293855e-3,6.960979415184404e-2,4.944359700504956e-5,9.888719401009911e-7,2.1353577495142527e-5,1.0626133699522783e-8
116.0,7.825008269491044e-5,0.27994167306580003,0.6423246852201269,6.9796893584119215e-3,7.0682202438355e-2,4.927989919931818e-5,9.855979839863639e-7,2.1473712611684226e-5,1.0707510100589264e-8
117.0,7.829650901398019e-5,0.28132633171089494,0.6398129555921773,7.0284041282598604e-3,7.176060507768105e-2,4.911720709591613e-5,9.823441419183224e-7,2.1593150898147474e-5,1.0788850037639815e-8
118.0,7.83431738822838e-5,0.2826968926159045,0.6373095406220856,7.076951790302186e-3,7.28449581455892e-2,4.895512542666541e-5,9.791025085333081e-7,2.1711728111831657e-5,1.0870070685551327e-8
119.0,7.839180469475907e-5,0.2840534295048827,0.6348144112243803,7.125332944954061e-3,7.393521813047671e-2,4.8792472879377945e-5,9.75849457587559e-7,2.1828922059304287e-5,1.0950908970862004e-8
120.0,7.843438608579368e-5,0.2853960108407424,0.6323275352030955,7.173548120183014e-3,7.503134022206354e-2,4.8634700778086834e-5,9.726940155617368e-7,2.194718652485833e-5,1.1032595699167612e-8
121.0,7.848831785626931e-5,0.28672471733221533,0.629848889139475,7.221598019333534e-3,7.613328382683078e-2,4.846997901117691e-5,9.69399580223538e-7,2.2061191101682304e-5,1.1112450647716456e-8
122.0,7.853579781453261e-5,0.28803961175937287,0.6273784379100048,7.269483094188908e-3,7.72410030342462e-2,4.831039571375076e-5,9.662079142750152e-7,2.2176405334470353e-5,1.119322297101e-8
123.0,7.858443234185882e-5,0.28934076915350243,0.6249161551497201,7.317203971773561e-3,7.835445615734371e-2,4.815078302179422e-5,9.630156604358844e-7,2.2290495238467228e-5,1.1273737443645022e-8
124.0,7.863400504796632e-5,0.29062826025628163,0.6224620120326948,7.364761220443505e-3,7.947360049562593e-2,4.79912870714463e-5,9.59825741428926e-7,2.240352811293752e-5,1.1354026220719315e-8
125.0,7.868307903783599e-5,0.29190215480846105,0.6200159795079042,7.41215539647919e-3,8.059839336619161e-2,4.7832870978757926e-5,9.566574195751586e-7,2.2515958245579657e-5,1.1434318251064323e-8
126.0,7.873181766965738e-5,0.29316252296062095,0.6175780292372366,7.459387063860019e-3,8.172879255595011e-2,4.7675417444452717e-5,9.535083488890543e-7,2.2627741946052236e-5,1.1514590948467327e-8
127.0,7.878016174992446e-5,0.2944094343677058,0.6151481329841345,7.5064567815101855e-3,8.286475602839727e-2,4.7518958862065006e-5,9.503791772413002e-7,2.273890535361991e-5,1.159485714914844e-8
128.0,7.883343809013343e-5,0.2956429609894025,0.6127262644578447,7.553365142260695e-3,8.400624284857985e-2,4.7359943442668896e-5,9.471988688533779e-7,2.284774535213991e-5,1.1674246204265638e-8
129.0,7.888248640828161e-5,0.2968631671855174,0.6103123927668713,7.600112634921967e-3,8.515320989909517e-2,4.72044709233079e-5,9.440894184661582e-7,2.2957198993791223e-5,1.1754256153022164e-8
130.0,7.893405025953189e-5,0.2980701248719873,0.6079064924268361,7.64669985530869e-3,8.630561689612487e-2,4.70480503176016e-5,9.40961006352032e-7,2.3065104635132502e-5,1.183378138190252e-8
131.0,7.898502277690172e-5,0.2992639006816416,0.6055085348856101,7.6931273275505025e-3,8.746342212797265e-2,4.689274067528126e-5,9.378548135056253e-7,2.3172468398514712e-5,1.191333579663504e-8
132.0,7.903418301915944e-5,0.3004445618209012,0.6031184923838427,7.739395585593102e-3,8.862658439268031e-2,4.673933787172778e-5,9.347867574345556e-7,2.327969922179609e-5,1.1993129882177985e-8
133.0,7.90866952237744e-5,0.3016121783190331,0.600736339399158,7.7855052040378455e-3,8.979506377299301e-2,4.658443554829286e-5,9.316887109658571e-7,2.3385108224099798e-5,1.2072292867049169e-8
134.0,7.913895805699348e-5,0.3027668154715494,0.5983620477248379,7.831456693800884e-3,9.096881906786723e-2,4.6430405094203015e-5,9.286081018840603e-7,2.3489877315033583e-5,1.2151431885824926e-8
135.0,7.919036219306148e-5,0.3039085397097479,0.5959955902940247,7.877250583230263e-3,9.214780977518819e-2,4.627763843823346e-5,9.255527687646692e-7,2.3594215944951443e-5,1.223065498893541e-8
136.0,7.924398638201452e-5,0.3050374189517488,0.5936369413858721,7.922887422699493e-3,9.333199622605964e-2,4.6124119601041535e-5,9.224823920208305e-7,2.3697102193441857e-5,1.2309431481337248e-8
137.0,7.929485976319391e-5,0.3061535167484987,0.5912860728549547,7.968367704324382e-3,9.452133755198362e-2,4.597308648809083e-5,9.194617297618166e-7,2.3800203392839486e-5,1.2388626114082397e-8
138.0,7.93494698863225e-5,0.30725690202302625,0.5889429603831942,8.013691995359135e-3,9.571579506830494e-2,4.582031356006267e-5,9.164062712012533e-7,2.3901343176523454e-5,1.2467105890231563e-8
139.0,7.940164446646811e-5,0.3083476370345291,0.5866075757652471,8.05886077353102e-3,9.691532807115734e-2,4.5669806882157964e-5,9.133961376431594e-7,2.4002606557917908e-5,1.2545955812932601e-8
140.0,7.945509501627294e-5,0.3094257886361508,0.5842798941027816,8.103874580863783e-3,9.811989777521814e-2,4.5519155075534203e-5,9.10383101510684e-7,2.410274228425549e-5,1.2624522426759977e-8
141.0,7.950883159017867e-5,0.3104914209952477,0.5819598891545452,8.148733924267527e-3,9.932946475752756e-2,4.536899675735773e-5,9.073799351471548e-7,2.420208873612295e-5,1.2702981193552304e-8
142.0,7.956277637248324e-5,0.31154459840073023,0.5796475351221638,8.19343931383972e-3,0.10054398993963644,4.521937858309793e-5,9.043875716619586e-7,2.4300676125803634e-5,1.2781346953319545e-8
143.0,7.961703056954793e-5,0.3125853848983829,0.5773428064154924,8.237991257866764e-3,0.10176343445882499,4.507023211868561e-5,9.014046423737123e-7,2.439847306718988e-5,1.2859602203037772e-8
144.0,7.967186805531273e-5,0.31361384429249106,0.5750456776472549,8.282390262820027e-3,0.10298775966548702,4.492137933994523e-5,8.984275867989043e-7,2.449538732078968e-5,1.2937697153690468e-8
145.0,7.972681097197064e-5,0.3146300396852919,0.5727561233442043,8.32663682713204e-3,0.10421692695434111,4.477312291506913e-5,8.954624583013825e-7,2.4591587934764796e-5,1.3015719894258426e-8
146.0,7.978234465735962e-5,0.3156340343373327,0.5704741184810157,8.370731452795984e-3,0.10545089807351013,4.462515039523941e-5,8.925030079047881e-7,2.4686908358239413e-5,1.3093581256980338e-8
147.0,7.983788024547836e-5,0.31662589065326713,0.5681996378437737,8.414674631683414e-3,0.10668963475151821,4.447783337242741e-5,8.895566674485483e-7,2.4781558323325946e-5,1.3171391319966798e-8
148.0,7.989427601739406e-5,0.3176056714433469,0.5659326568116758,8.458466862496811e-3,0.10793309915849493,4.433062472451299e-5,8.866124944902598e-7,2.4875237774037975e-5,1.3248989564942722e-8
149.0,7.994917474836276e-5,0.31857343759682755,0.5636731499160121,8.502108619562378e-3,0.10918125304234338,4.418501078023906e-5,8.83700215604781e-7,2.496878743278918e-5,1.332682300441837e-8
150.0,8.000622432600388e-5,0.31952925269207855,0.5614210936782638,8.545600414539101e-3,0.11043405943944175,4.4038685132744755e-5,8.807737026548952e-7,2.506091263832088e-5,1.3404200275727199e-8
151.0,8.006161753688445e-5,0.32047317627314453,0.5591764624708816,8.588942706476725e-3,0.1116914801670314,4.389404277070188e-5,8.778808554140375e-7,2.5152976988008458e-5,1.3481848991331113e-8
152.0,8.01205228881391e-5,0.32140527206386366,0.5569392335513136,8.632136011485584e-3,0.11295347889622259,4.374783623005311e-5,8.749567246010622e-7,2.5243125383144363e-5,1.3558774062593326e-8
153.0,8.017586490202258e-5,0.3223255973653861,0.5547093805820781,8.67518076144329e-3,0.11422001715599196,4.360449572041627e-5,8.720899144083254e-7,2.53339131172069e-5,1.3636345946219408e-8
154.0,8.023178471118478e-5,0.32323421478414915,0.5524868807806896,8.718077460123467e-3,0.11549105875974638,4.346142100626888e-5,8.692284201253775e-7,2.5423852096737676e-5,1.3713765683696114e-8
155.0,8.029002726899993e-5,0.3241311854316537,0.550271710761933,8.760826592570459e-3,0.11676656724110915,4.331752639932769e-5,8.663505279865538e-7,2.551230511620772e-5,1.3790687478488378e-8
156.0,8.034573630143403e-5,0.32501656682350955,0.5480638452864379,8.8034285974817e-3,0.11804650502886947,4.3175828342645275e-5,8.635165668529054e-7,2.5601050717856917e-5,1.3868071211302636e-8
157.0,8.040537334745285e-5,0.32589042184072636,0.5458632626543242,8.845883985721984e-3,0.11933083689257218,4.303231613599816e-5,8.606463227199631e-7,2.5687719560590003e-5,1.3944633239485568e-8
158.0,8.045997580373107e-5,0.3267528053620711,0.543669936671799,8.88819316372918e-3,0.12061952477820162,4.289253122725276e-5,8.578506245450553e-7,2.5775620176663045e-5,1.4022167808464844e-8
159.0,8.052096931224124e-5,0.3276037821732512,0.5414838473724941,8.930356669691183e-3,0.12191253475387309,4.274941736222356e-5,8.549883472444712e-7,2.586052660142254e-5,1.4098376868643541e-8
160.0,8.058123203386289e-5,0.32844340750000905,0.5393049693793305,8.972374917042095e-3,0.1232098294356499,4.2607370246193995e-5,8.521474049238798e-7,2.594507562289942e-5,1.4174692120296468e-8
161.0,8.063843601509483e-5,0.32927173868250703,0.537133278887216,9.014248348363459e-3,0.12451137251792668,4.2467807706202565e-5,8.493561541240513e-7,2.6030148528208934e-5,1.4251596370097331e-8
162.0,8.069952587771375e-5,0.3300888374175145,0.534968754957738,9.055977464424346e-3,0.12581712968619893,4.232647089227768e-5,8.465294178455537e-7,2.611314614525669e-5,1.4327666906831005e-8
163.0,8.075552531952017e-5,0.33089475716101086,0.5328113720803712,9.097562659240712e-3,0.12712706362469472,4.218884174963009e-5,8.437768349926018e-7,2.619745133779601e-5,1.4404758061581725e-8
164.0,8.081725309231669e-5,0.33168956099555313,0.5306611106930884,9.139004453758435e-3,0.12844114111069016,4.2048318851904726e-5,8.409663770380945e-7,2.6278981052632996e-5,1.4480626107889947e-8
165.0,8.087763454828262e-5,0.3324733027795211,0.5285179461009831,9.180303249537614e-3,0.1297593255045046,4.190921276979921e-5,8.381842553959841e-7,2.6360411685795017e-5,1.4556740727506671e-8
166.0,8.093607133501769e-5,0.33324603933850333,0.5263818556417842,9.221459488048953e-3,0.1310815816029971,4.1771875519275036e-5,8.354375103855006e-7,2.644198239983964e-5,1.4633235482545285e-8
167.0,8.099867558199397e-5,0.33400783058782446,0.5242528187200478,9.262473651910219e-3,0.1324078757157982,4.1632607300351674e-5,8.326521460070334e-7,2.6521356155342945e-5,1.470881630473766e-8
168.0,8.105604937800919e-5,0.3347587284174534,0.5221308103608661,9.303346120618306e-3,0.13373817115043848,4.1497078611265534e-5,8.299415722253107e-7,2.660214495405936e-5,1.478548444092853e-8
169.0,8.111935885658675e-5,0.33549879474089256,0.5200158116614617,9.344077404658912e-3,0.1350724355518414,4.135855894437045e-5,8.271711788874092e-7,2.6680050167961005e-5,1.4860852194755565e-8
170.0,8.117777808194309e-5,0.3362280802068661,0.517907797489329,9.384667869685358e-3,0.13641063221219968,4.122355436394578e-5,8.244710872789156e-7,2.6759259218641773e-5,1.4937248190767417e-8
171.0,8.124192655494409e-5,0.3369466459339214,0.5158067490001951,9.425118017709528e-3,0.1377527289747268,4.108569505371902e-5,8.217139010743805e-7,2.683565211635829e-5,1.5012373904592508e-8
172.0,8.12999571818469e-5,0.337654541542606,0.5137126410261079,9.465428203368435e-3,0.13909868918509716,4.0952063399358256e-5,8.190412679871653e-7,2.6913849339723394e-5,1.5088811084708535e-8
173.0,8.136530567200957e-5,0.33835182904865335,0.5116254557380578,9.505598941980513e-3,0.140448481576978,4.0814640563044894e-5,8.16292811260898e-7,2.6988597337549626e-5,1.5163616135393647e-8
174.0,8.142575404621967e-5,0.33903855737836014,0.5095451681113685,9.54563058140316e-3,0.14180206968291217,4.0680701679292446e-5,8.136140335858491e-7,2.7064690763122805e-5,1.5239477779567552e-8
175.0,8.149031734704293e-5,0.3397147858303397,0.5074717592707625,9.585523603763751e-3,0.14315942161247897,4.054488758146574e-5,8.108977516293147e-7,2.7138582918765822e-5,1.5314401096500035e-8
176.0,8.15511981744875e-5,0.3403805650432126,0.5054052056922519,9.625278381038138e-3,0.1445205020816695,4.041181528183731e-5,8.082363056367461e-7,2.7213360113068727e-5,1.5390124970095913e-8
177.0,8.161655164991748e-5,0.3410359533895192,0.5033454884640234,9.664895385179588e-3,0.14588527931292544,4.0276662921972564e-5,8.055332584394512e-7,2.728578734893672e-5,1.5464820734135445e-8
178.0,8.167714172389832e-5,0.3416810002963818,0.5012925838961387,9.70437497470001e-3,0.1472537179745011,4.0144872195573205e-5,8.028974439114641e-7,2.735954806313266e-5,1.5540573484787978e-8
179.0,8.17478282808878e-5,0.3423157670035515,0.4992464751520718,9.743717659742183e-3,0.14862578801291326,4.000771006614125e-5,8.00154201322825e-7,2.7428693448315567e-5,1.56140033329898e-8
180.0,8.18041996178538e-5,0.3429402948606756,0.49720713455120497,9.78292369795769e-3,0.15000145108977728,3.9879489215535726e-5,7.975897843107145e-7,2.750303069258518e-5,1.5690689715095252e-8
181.0,8.187110192341626e-5,0.34355464962494314,0.49517454823470725,9.821993658586683e-3,0.15138067958368392,3.97456530885441e-5,7.949130617708821e-7,2.7572566986133865e-5,1.5764940135391933e-8
182.0,8.192888150196252e-5,0.34415887455124655,0.49314869009191686,9.86092782562499e-3,0.15276343641271115,3.961767940109241e-5,7.923535880218482e-7,2.764524421992038e-5,1.5841289003336753e-8
183.0,8.199759192346732e-5,0.3447530325265365,0.4911295451008772,9.899726733109392e-3,0.15414969323139807,3.94838846885429e-5,7.896776937708578e-7,2.771293061441956e-5,1.5915079799867836e-8
184.0,8.206033861444028e-5,0.3453371677178386,0.4891170881528874,9.938390678626074e-3,0.1555394137892602,3.935409588289125e-5,7.870819176578251e-7,2.7782493337402064e-5,1.5990247609137096e-8
185.0,8.21280996131129e-5,0.34591133800669216,0.48711130191330326,9.976920134283356e-3,0.15693256804533232,3.92219418069173e-5,7.844388361383459e-7,2.784945552505715e-5,1.606421877489239e-8
186.0,8.218986111837891e-5,0.34647559004327316,0.48511216312709604,1.0015315431098168e-2,0.15832912125964912,3.909378866468567e-5,7.818757732937134e-7,2.791833484701676e-5,1.6139596625475844e-8
187.0,8.226090244093527e-5,0.3470299834032997,0.4831196558127784,1.0053577063947912e-2,0.15972904462241302,3.8960821638120015e-5,7.792164327624003e-7,2.798284673927433e-5,1.6212748908533515e-8
188.0,8.232113289778171e-5,0.3475745597434869,0.48113375447412543,1.009170530281955e-2,0.16113230161246395,3.883460207895188e-5,7.766920415790376e-7,2.805128450559828e-5,1.628847608959209e-8
189.0,8.239010532866391e-5,0.3481093803276305,0.47915444446901445,1.0129700665239617e-2,0.16253886464344203,3.870389103758294e-5,7.740778207516589e-7,2.81155637229201e-5,1.6362090081937924e-8
190.0,8.244905615703045e-5,0.34863448703171357,0.4771817008951748,1.016756342590531e-2,0.16394869770336126,3.857943559698784e-5,7.715887119397568e-7,2.8183481410003083e-5,1.6438124039406108e-8
191.0,8.252113013113008e-5,0.34914994247245257,0.4752155102344104,1.0205294120482872e-2,0.1653617743027835,3.844800643653808e-5,7.689601287307614e-7,2.8245392348086906e-5,1.6510955514673283e-8
192.0,8.258632541367495e-5,0.34965578746841386,0.4732558474729687,1.0242893012226806e-2,0.16677805837180262,3.8321021661447383e-5,7.664204332289476e-7,2.8309647036746457e-5,1.6585454902750905e-8
193.0,8.265272298693325e-5,0.35015207666573944,0.4713026952338589,1.0280360538397947e-2,0.1681975202849889,3.819386833829093e-5,7.638773667658185e-7,2.8372871656068995e-5,1.6659651941488476e-8
194.0,8.272053350140686e-5,0.3506388605612751,0.46935603412076443,1.0317697085034494e-2,0.1696201287664257,3.806642894754105e-5,7.613285789508212e-7,2.8434975481298733e-5,1.6733490803073164e-8
195.0,8.279113955440769e-5,0.35111619002407307,0.46741584514223744,1.0354903043550173e-2,0.1710458529296921,3.7937925669396386e-5,7.587585133879279e-7,2.849536964148422e-5,1.6806621324324854e-8
196.0,8.285366140684784e-5,0.35158410957877556,0.4654821061692227,1.039197872719885e-2,0.17247465918620822,3.781449286274417e-5,7.562898572548832e-7,2.8558674103837312e-5,1.6881769316367862e-8
197.0,8.292395026170804e-5,0.3520426769072939,0.4635548022188978,1.0428924613645665e-2,0.1739065202104231,3.768719060837577e-5,7.537438121675156e-7,2.8618160356163477e-5,1.6954961585758226e-8
198.0,8.298988384516912e-5,0.3524919354965513,0.4616339110295121,1.0465741004797049e-2,0.17534140235298354,3.756284076354663e-5,7.512568152709325e-7,2.867898932699336e-5,1.702924902054824e-8
199.0,8.305845450483189e-5,0.3529319381818519,0.4597194154584449,1.0502428319404506e-2,0.17677927649480232,3.7437513285267426e-5,7.487502657053486e-7,2.8738179080251406e-5,1.7102863944542126e-8
200.0,8.31261612369499e-5,0.3533627323495719,0.4578112957024081,1.053898690933737e-2,0.1782201111999184,3.7313168668527e-5,7.4626337337054e-7,2.8797230024819378e-5,1.717669633383413e-8
201.0,8.319533154339016e-5,0.35378436809518116,0.4559095335714142,1.0575417160731748e-2,0.1796638765042151,3.7188505119165655e-5,7.437701023833131e-7,2.8855143085107633e-5,1.7250149953927357e-8
202.0,8.326190711063466e-5,0.3541968921207615,0.4540141093090382,1.0611719418498177e-2,0.18111054105881164,3.706577906407869e-5,7.413155812815738e-7,2.8913673970225887e-5,1.732427377990002e-8
203.0,8.333409992357758e-5,0.3546003570603928,0.45212500641921644,1.0647894101427344e-2,0.18256007651888584,3.694042778119655e-5,7.38808555623931e-7,2.8969266803103285e-5,1.7396936499360872e-8
204.0,8.340325811373136e-5,0.35499480692164,0.4502422041418876,1.0683941522619216e-2,0.18401245067196575,3.681725245078362e-5,7.363450490156724e-7,2.9025674000170167e-5,1.7470386299841134e-8
205.0,8.347314285802625e-5,0.3553802917176125,0.44836568500746043,1.071986206989997e-2,0.18546763434788385,3.669416431217477e-5,7.338832862434953e-7,2.9081265898572774e-5,1.7543644983355383e-8
206.0,8.35423223521658e-5,0.3557568586714438,0.4464954302973186,1.0755656097415144e-2,0.18692559725617316,3.657195112978746e-5,7.314390225957492e-7,2.913667040499149e-5,1.7617090460150093e-8
207.0,8.361397078913898e-5,0.3561245571124469,0.4446314225540829,1.0791323985827292e-2,0.18838631031843067,3.644886482973534e-5,7.289772965947067e-7,2.919049720352208e-5,1.7689881009562446e-8
